[ 9.72433012e+02 -3.33542363e+03 -8.18115005e+03  1.39198552e+04
  6.18496221e+03 -1.71795520e+04  2.10612534e+03 -1.67109714e+03
  1.43502127e+04  1.51773568e+04  7.98806666e+02  3.64060385e+04
 -3.53797518e+01 -8.48153954e+04 -2.96697827e+04 -2.29507272e+03
  1.55926577e+04  1.55572037e+03  9.61903108e+04  4.76953857e+03
  1.68642708e+04  5.84572741e+03 -1.11230692e+04  7.89709939e+03
 -3.23699628e+04 -4.48468634e+03 -3.40985624e+04 -6.84329507e+04
  1.45262026e+04  2.66608239e+04 -5.09735575e+04  1.91601058e+04
 -3.64277388e+04  2.03304131e+05  3.59631550e+04  4.14247197e+02
 -3.87683923e+03 -7.19855931e+02  1.72054702e+04 -6.83008270e+03
 -4.56325903e+03 -7.25497695e+04 -5.71249261e+03  3.09327484e+03
 -2.47150905e+05 -1.26075476e+03 -2.43103364e+04 -9.37628646e+04
  6.86881608e+03 -6.80347213e+04  4.85522560e+04 -7.28052609e+02
  5.46140432e+04 -1.87847026e+04  8.57069520e+03  1.37829062e+04
  3.13696027e+04  2.59096588e+04  1.08321835e+04  7.12262548e+04
  5.48615173e+04 -6.60587670e+04 -3.26979593e+04 -6.55225072e+04
  2.78765211e+04  5.80742147e+04 -5.69187855e+03  9.95973905e+04
 -1.99847024e+05  1.42941854e+03 -6.51047327e+02 -1.28172816e+03
  2.89821477e+02 -1.21474965e+03  1.81920808e+03  1.67337783e+03
  1.06948009e+04  2.12660626e+03 -1.68078821e+03 -4.37622880e+04
  1.86341139e+04  9.38122260e+03 -2.26542879e+04  9.04701684e+03
 -1.59126442e+03  1.92441490e+05 -1.51280974e+03  2.01380916e+04
 -2.08021391e+04  3.41331228e+05  1.68117890e+04  2.37275756e+03
  1.56461770e+05  3.17229158e+03  9.26012873e+04 -1.66021846e+04
  4.20619706e+02 -3.21153627e+04  1.12136248e+05 -4.03960099e+04
 -6.57236148e+02  5.76283420e+03 -1.18515116e+05  3.58714996e+04
  4.87548418e+04 -5.54124678e+04  2.20836790e+04  5.31681904e+04
 -4.06722544e+04 -1.09575739e+05 -2.62383158e+04  8.25595557e+04
 -5.15397142e+04 -7.71925707e+03  4.11359768e+04  6.31765681e+04
  5.11007119e+04  1.03664536e+05 -2.00585171e+04 -1.25396482e+04
 -2.71120169e+05  5.49177901e+04 -1.00721680e+05 -9.88130062e+04
 -1.76066337e+04  4.07725578e+03  2.27014018e+02  5.15101005e+02
  4.68486484e+02  1.49828935e+03  2.84176448e+03 -2.03567141e+02
  6.17803109e+02 -3.75965187e+02 -5.91578778e+02  2.20858947e+03
 -6.32304864e-01  4.91189467e+01 -2.90912252e+03 -1.64935602e+03
 -3.22005636e+03 -1.48579693e+04 -6.01680849e+02 -3.24114538e+03
  6.10543094e+03  5.44794866e+04 -3.63875563e+04 -1.25890865e+04
  5.74697244e+04 -7.94194069e+03  3.65689221e+03 -2.41863579e+04
 -2.44316504e+03 -1.28152781e+04  6.02181728e+03 -2.27822844e+05
  2.62941876e+03 -2.31041512e+03 -2.68075538e+04  3.78102513e+04
 -2.64895678e+05 -1.07967849e+05  2.12649724e+04  6.19357978e+04
  1.20158015e+03 -6.87591393e+04 -3.08331068e+05 -3.21359772e+03
 -5.21908323e+03 -7.33829275e+04  2.81490493e+05  2.99758250e+03
 -6.33642711e+03  6.23129297e+04 -1.29217366e+05 -1.00775542e+05
 -2.38538334e+03  5.66692452e+03 -1.19438432e+04  1.31220144e+05
 -3.76906692e+04 -5.52994945e+04  3.27181228e+04 -1.02799331e+04
 -1.40222955e+04 -1.20724205e+04 -2.41955013e+04 -2.53579970e+04
 -4.83996307e+04  2.13440147e+05  6.56122377e+04 -8.22291419e+04
 -4.88811111e+04 -7.42927665e+04 -9.85921177e+04  2.24101879e+04
 -2.40814898e+04 -1.90501262e+04 -8.97460294e+04  6.89434486e+04
 -1.32832788e+05  1.24759853e+05 -2.77062591e+03  3.53997193e+05
  7.52370227e+04 -1.57041010e+05  2.50993161e+05 -2.01194911e+04
  2.20088086e+05 -6.72156484e+04  2.22388555e+01 -1.12534966e+02
  1.22011611e+01 -3.63514525e+02 -6.02358362e+02  1.31285357e+02
 -2.46900882e+02 -3.87985979e+02 -5.76198550e+02 -1.55079863e+03
 -2.23577183e+03  2.10875087e+02 -1.65901631e+03  4.11822378e+01
  9.83229084e+01  3.77941557e+02  5.89195256e+02  2.68992256e+01
  4.85972136e+02 -1.79312975e+03 -9.16649235e+02 -9.60785993e+02
  1.51090994e+03  1.65062712e+02  2.01580281e+03  9.57410814e+02
  7.03632359e+02  1.91625176e+03  1.80206464e+02  1.14692873e+04
 -1.87458154e+02  8.00047170e+02  1.87301921e+03 -4.84743878e+03
 -3.41890278e+04  3.14720464e+04  7.54909360e+03 -4.13599859e+04
  3.03613542e+03  2.50043426e+03 -7.40545414e+03  3.70484988e+03
  4.31033098e+03 -9.62772233e+03  2.89706962e+04 -9.42627925e+02
  9.01313872e+02  1.05430572e+04 -3.12997101e+03  1.30992447e+05
 -9.66359409e+02  3.37741726e+02  2.57483781e+03  1.58938764e+04
 -2.96811834e+04  1.09145471e+05  1.16165856e+05 -1.25288349e+04
 -9.95748331e+04 -3.42745752e+03  3.19626417e+03  1.10154133e+05
 -1.60418973e+03  9.04572253e+03  6.83049903e+04  9.42433822e+04
 -9.29258395e+02  1.35706470e+04 -1.89355853e+04  8.85385221e+03
 -2.17270280e+05  5.74074056e+01 -4.01386198e+03  7.77902724e+02
 -3.59230105e+04  9.14209362e+04  1.23434300e+05  7.94180395e+02
  1.88431979e+03 -6.96160812e+03  1.28042988e+04 -7.76350728e+04
  1.82833640e+04  2.14894901e+04  2.42064609e+04 -3.10096580e+04
 -5.40290720e+04  3.21014661e+04  1.04103861e+05  4.37062360e+04
  3.05943126e+04 -1.21720348e+05 -8.84281070e+04  4.33240559e+04
  2.34115959e+04 -3.09222208e+04 -3.40967870e+04  7.32778683e+04
  2.87468817e+04  8.66345311e+03  3.65606556e+04  7.90449398e+04
  6.29364312e+04 -1.06099653e+05  1.62692266e+04  4.51311863e+03
  1.51749471e+04  5.35995560e+04 -1.41743209e+05  1.26915472e+05
 -8.33967993e+04 -1.29806739e+03 -2.18110489e+05 -3.93711576e+04
 -2.52851390e+04  1.34864434e+05 -2.19410799e+05  8.17063659e+04
 -1.88442445e+05  7.57177030e+04 -9.69051281e-01  5.61799844e+00
 -3.78951220e+01  1.63279162e+01  6.71609304e+01  1.48799436e+01
  1.77318302e+00 -5.87151172e+01  4.20008740e+01  1.72928484e+02
  2.64463000e+02 -3.24791681e+01  8.86804626e+00 -2.41186888e+01
 -5.10681619e+01  1.61100295e+02  1.53380102e+02  1.30793108e+02
  2.80365518e+02  4.97033740e+02  6.14029987e+02 -8.52768727e+01
  6.96350294e+02 -5.32001299e+00 -2.81759438e+01  1.10188662e+02
 -1.15047603e+01 -1.31070427e+01 -6.32567555e+01 -1.01592265e+02
 -1.46672080e+02 -2.77605387e+02  2.36391221e+02 -2.10679572e+02
  4.53903547e+02  7.75067756e+02  2.96769859e+02 -1.93848413e+03
  3.23647946e+02 -2.75489260e+02  2.40969713e+03 -3.93575089e+02
 -1.60343688e+02 -6.62902336e+02 -2.28628600e+03 -1.51022353e+02
  2.62819959e+02 -1.15953684e+03  9.63758206e+02 -2.83431123e+03
  3.77341096e+01  2.01352295e+02 -8.67578243e+02  1.70859525e+02
  8.41052669e+02  8.62766681e+03 -1.01353469e+04 -1.99237654e+03
  1.19068259e+04 -6.77167428e+02 -9.24540446e+01  1.50897987e+03
 -6.77719940e+02 -1.27990202e+02 -1.09575873e+03  1.54043728e+03
 -4.03568839e+02 -1.46727972e+03 -9.52575667e+02  5.07864375e+03
 -1.10861911e+04  7.10116810e+02 -3.21699132e+02  1.18114447e+03
 -4.47980304e+03  9.88311706e+01 -2.89260518e+04 -4.97141614e+01
  2.50999477e+00 -1.34003014e+02 -1.34238539e+03 -2.99686659e+03
  8.59222223e+03 -1.87751850e+04 -3.89207990e+04  3.49631010e+03
  2.98030839e+04  3.51401511e+02 -2.21394841e+03 -9.36309506e+03
  1.27943055e+03  1.55936609e+02  1.87364230e+03 -3.03786741e+04
  3.76150707e+02 -2.93597911e+03 -2.41019118e+03 -2.72218211e+04
  4.62638982e+03  1.55503662e+02 -4.11057447e+02 -3.64085943e+03
  1.21125660e+04  1.03182671e+04  4.47139444e+04 -6.98999123e+02
  2.11542070e+03 -7.19256728e+02  2.29891395e+03  3.64135301e+03
 -2.78106542e+04 -3.55410703e+04  2.75424472e+02 -1.22285219e+03
  1.12840708e+02  2.89173789e+03 -5.55434747e+03  2.02514929e+04
 -3.04058395e+03 -2.99967063e+03 -1.72579597e+04  1.72856208e+04
  1.77481064e+04 -1.25380288e+04 -3.39120956e+04  1.33275945e+04
 -6.81713393e+03  2.58419205e+04  3.12052570e+03 -4.72197253e+04
 -7.83654895e+03  1.00425648e+04  1.36815706e+04  2.03660832e+04
  1.99925240e+04 -2.19889006e+03  2.47879868e+03 -9.63554319e+02
 -3.09065458e+03 -3.79543701e+04 -1.27614203e+04 -3.38163423e+01
 -5.19488976e+03 -1.61322413e+04 -1.68661922e+04 -8.71566478e+03
  5.33760303e+04 -6.04978614e+03 -1.09645665e+03 -6.75004578e+02
 -3.32376768e+03 -9.58635325e+03  5.64186298e+04 -5.05263106e+04
  1.55664707e+04  3.45943547e+03  5.23684337e+04  6.26770843e+03
  9.54237895e+03 -7.89615001e+02 -3.86406158e+04  6.70207621e+04
 -3.32205121e+04  5.38126268e+04 -2.54301731e+04]